PEP=TRUE																					

0-5		ALA		ARG		ASN		ASP		CYS		GLN		GLU		GLY		HIS		ILE		LEU		LYS		MET		PHE		PRO		SER		THR		TRP		TYR		VAL		PEP
ALA	0.229614749	0.236627710	0.159041050	0.140395700	0.158847470	-0.008462609	0.182120834	0.282347790	-0.078783090	-0.534855010	-0.244975660	0.063280730	-0.363911660	0.132359190	0.022019950	0.115070260	0.001799808	0.116827820	-0.029675094	-0.359412214	-0.230563030
ARG	0.236627706	-0.144709900	-0.303410300	-0.527014780	0.174159700	0.222336299	-0.716600711	-0.037365150	0.110511161	-0.014121920	0.374027700	0.734155090	0.508727213	-0.018247810	-0.175957710	-0.262868840	0.249618066	-0.243739020	0.043812031	-0.010754304	-0.132918760
ASN	0.159041052	-0.303410300	-0.205887700	-0.533634430	0.105369600	-0.187197861	-0.262069716	-0.097118090	-0.140810359	0.456365710	0.430229350	0.222299070	0.404665766	0.335965170	0.109358410	-0.334306700	-0.017538562	0.538269810	-0.490720520	0.158462768	-0.256079660
ASP	0.140395695	-0.527014780	-0.533634430	0.539099150	-0.136987750	-0.127807358	-0.178327159	-0.335663730	-0.270244428	0.229275720	0.316392080	-0.758558760	0.096800685	0.118128150	0.175143060	-0.565319870	-0.432509048	1.286571090	0.694249511	0.441570922	-0.052010440
CYS	0.158847470	0.174159700	0.105369600	-0.136987750	-0.523594640	0.487147182	0.121042250	-0.187362910	-0.187453656	-0.414814480	-0.061367010	1.115469300	-0.032497133	-0.094751530	-0.199060930	-0.163704710	0.020907661	0.079859290	0.068829583	-0.025927807	-0.364866940
GLN	-0.008462609	0.222336300	-0.187197860	-0.127807360	0.487147180	-0.430008091	-0.727720022	-0.072061660	0.246880075	0.020254650	0.390994590	-0.180675060	0.012766740	0.283180270	-0.544893500	0.297750750	0.060401046	0.458730590	-0.035857031	-0.190811819	0.150498740
GLU	0.182120834	-0.716600710	-0.262069720	-0.178327160	0.121042250	-0.727720022	1.059962395	-0.041421730	0.071869544	0.384583750	0.479694180	-0.782211840	0.187995731	0.270388880	-0.064223690	-0.206713850	-0.006408179	-0.088578340	-0.004040658	0.255302482	0.077391890
GLY	0.282347789	-0.037365150	-0.097118090	-0.335663730	-0.187362910	-0.072061661	-0.041421728	-0.067611460	0.126571961	0.127425750	-0.004267420	0.065433910	0.084052243	0.456669510	0.127209100	-0.099600280	-0.106041584	0.036420570	0.121399925	0.140946008	-0.520394520
HIS	-0.078783090	0.110511160	-0.140810360	-0.270244430	-0.187453660	0.246880075	0.071869544	0.126571960	0.391616378	-0.061764380	0.028819780	-0.235285700	0.292605413	-0.140921920	0.036672260	0.080117150	0.061469926	-0.097996230	-0.304878860	0.006166058	0.097490360
ILE	-0.534855010	-0.014121920	0.456365710	0.229275720	-0.414814480	0.020254653	0.384583750	0.127425750	-0.061764385	-0.051335150	-0.222641010	-0.057561520	-0.102501561	-0.348113120	0.381802880	0.254239190	0.166529817	-0.504671240	-0.100197416	-0.253497374	0.511520240
LEU	-0.244975659	0.374027700	0.430229350	0.316392080	-0.061367010	0.390994588	0.479694180	-0.004267420	0.028819777	-0.222641010	-0.070470530	-0.014506760	-0.252617288	-0.460146430	-0.169952980	0.390321490	0.074943426	-0.635099930	-0.289241880	-0.454151177	0.288562740
LYS	0.063280726	0.734155090	0.222299070	-0.758558760	1.115469300	-0.180675060	-0.782211836	0.065433910	-0.235285703	-0.057561520	-0.014506760	0.567112820	0.347405433	0.258884180	0.068414910	-0.245767420	-0.169869698	-0.822256100	-0.293979799	0.253373984	-0.021404790
MET	-0.363911660	0.508727210	0.404665770	0.096800690	-0.032497130	0.012766740	0.187995731	0.084052240	0.292605413	-0.102501560	-0.252617290	0.347405430	-0.006345577	-0.501152810	-0.104158300	0.258791820	0.086541469	-0.783476420	-0.218439915	-0.265312964	0.291478410
PHE	0.132359194	-0.018247810	0.335965170	0.118128150	-0.094751530	0.283180269	0.270388878	0.456669510	-0.140921921	-0.348113120	-0.460146430	0.258884180	-0.501152814	-0.163283540	-0.082952650	0.357238220	0.057985870	-0.185143310	-0.334959927	-0.287704858	0.232194780
PRO	0.022019948	-0.175957710	0.109358410	0.175143060	-0.199060930	-0.544893500	-0.064223694	0.127209100	0.036672255	0.381802880	-0.169952980	0.068414910	-0.104158300	-0.082952650	0.033269800	0.057189980	0.107550992	-0.311735520	0.071083546	0.358416493	0.032907510
SER	0.115070262	-0.262868840	-0.334306700	-0.565319870	-0.163704710	0.297750753	-0.206713850	-0.099600280	0.080117152	0.254239190	0.390321490	-0.245767420	0.258791821	0.357238220	0.057189980	-0.150081790	-0.430130871	0.298422520	0.441972843	0.316069012	-0.356263280
THR	0.001799808	0.249618070	-0.017538560	-0.432509050	0.020907660	0.060401046	-0.006408179	-0.106041580	0.061469926	0.166529820	0.074943430	-0.169869700	0.086541469	0.057985870	0.107550990	-0.430130870	-0.315225682	0.039849510	0.491613001	0.251299516	-0.153559700
TRP	0.116827817	-0.243739020	0.538269810	1.286571090	0.079859290	0.458730594	-0.088578338	0.036420570	-0.097996234	-0.504671240	-0.635099930	-0.822256100	-0.783476418	-0.185143310	-0.311735520	0.298422520	0.039849506	0.706844150	-0.105333039	-0.034121613	0.241005090
TYR	-0.029675094	0.043812030	-0.490720520	0.694249510	0.068829580	-0.035857031	-0.004040658	0.121399920	-0.304878860	-0.100197420	-0.289241880	-0.293979800	-0.218439915	-0.334959930	0.071083550	0.441972840	0.491613001	-0.105333040	0.210885451	0.075314481	-0.045066530
VAL	-0.359412214	-0.010754300	0.158462770	0.441570920	-0.025927810	-0.190811819	0.255302482	0.140946010	0.006166058	-0.253497370	-0.454151180	0.253373980	-0.265312964	-0.287704860	0.358416490	0.316069010	0.251299516	-0.034121610	0.075314481	-0.641410993	0.229746480
PEP	-0.230563026	-0.132918760	-0.256079660	-0.052010440	-0.364866940	0.150498745	0.077391889	-0.520394520	0.097490363	0.511520240	0.288562740	-0.021404790	0.291478406	0.232194780	0.032907510	-0.356263280	-0.153559701	0.241005090	-0.045066532	0.229746484	0.000000000
																					
5-6		ALA		ARG		ASN		ASP		CYS		GLN		GLU		GLY		HIS		ILE		LEU		LYS		MET		PHE		PRO		SER		THR		TRP		TYR		VAL		PEP
ALA	0.349730214	0.338311880	-0.170267800	0.067653810	0.006455379	-0.028832588	0.193817188	-0.165179620	-0.051631080	-0.386011470	-0.231541353	0.428629090	0.128949090	-0.378146457	0.127558610	0.187006820	-0.196605610	-0.047998175	-0.034971381	0.069308700	-0.188818427
ARG	0.338311878	0.024217730	-0.257772520	-0.617822050	0.182955676	-0.297409555	-0.593802196	-0.236111050	-0.013167950	-0.110660670	0.042282188	0.642690900	0.323606390	0.036024298	0.243380620	0.121184630	-0.187421670	-0.050027514	0.030198426	0.458359860	-0.013547309
ASN	-0.170267796	-0.257772520	-0.371879450	-0.481262290	0.615889018	-0.223663091	-0.669263360	0.271416660	-0.219466010	0.881117330	0.325053071	-0.124438310	-0.119696310	0.452671602	-0.049914540	-0.357676550	-0.121097340	0.424088423	-0.022874707	0.311415850	0.012250094
ASP	0.067653810	-0.617822050	-0.481262290	0.128150240	0.788279825	-0.194338103	0.300586076	-0.157418430	-1.298658250	0.098723060	0.440822130	-0.674335060	0.043736610	0.702721848	0.264161730	-0.339387950	-0.124055580	0.385534704	0.379921562	0.378421290	-0.031074569
CYS	0.006455379	0.182955680	0.615889020	0.788279820	0.841411090	-0.158165121	-0.007435677	0.093799580	-0.420757800	-0.161177480	-0.071738752	-0.278974230	-0.307138270	-0.407195830	0.777323070	-0.187776060	0.206009960	-0.761392181	-0.240170083	-0.325252050	-0.194497590
GLN	-0.028832588	-0.297409560	-0.223663090	-0.194338100	-0.158165121	-0.000685080	0.081144411	0.086310930	0.374398570	0.375332410	-0.021734982	-0.172892830	-0.013521320	0.251573860	-0.496154230	-0.174573900	-0.093146610	0.712237853	-0.091847128	0.147666590	0.005494857
GLU	0.193817188	-0.593802200	-0.669263360	0.300586080	-0.007435677	0.081144411	-0.215694371	0.019537880	-0.166239330	0.537282740	0.285647945	-0.897264130	0.162749140	0.048318382	0.130325550	-0.249244940	0.094439900	-0.020285952	0.682656256	0.159262590	0.128051168
GLY	-0.165179623	-0.236111050	0.271416660	-0.157418430	0.093799577	0.086310935	0.019537877	-0.188336560	0.076634660	0.584624800	0.154206528	0.232998860	0.125639770	0.070568522	-0.132841210	-0.075619030	-0.305905360	-0.137713589	-0.482105572	0.122069590	0.051956042
HIS	-0.051631079	-0.013167950	-0.219466010	-1.298658250	-0.420757805	0.374398566	-0.166239330	0.076634660	0.740314970	0.059680620	0.195935582	0.620045910	0.918241060	-0.191261677	-0.241858560	-0.364750600	0.011323700	-0.396953467	-0.106503746	0.499383770	0.064726534
ILE	-0.386011469	-0.110660670	0.881117330	0.098723060	-0.161177478	0.375332415	0.537282743	0.584624800	0.059680620	-0.530921200	-0.518121248	-0.074599430	-0.209114370	-0.313158200	-0.035314740	0.410978510	0.016681270	-0.210198820	0.033882252	-0.632833360	0.119348744
LEU	-0.231541353	0.042282190	0.325053070	0.440822130	-0.071738752	-0.021734982	0.285647945	0.154206530	0.195935580	-0.518121250	-0.264605709	0.142454350	-0.170699890	-0.184404708	-0.047092600	0.308010490	0.204888190	-0.007962559	-0.225637833	-0.592411580	0.213077063
LYS	0.428629090	0.642690900	-0.124438310	-0.674335060	-0.278974228	-0.172892830	-0.897264132	0.232998860	0.620045910	-0.074599430	0.142454348	0.276650760	0.188426460	-0.278683684	0.049364820	-0.098982540	-0.189530480	0.460828495	-0.535780839	0.427330970	-0.061696943
MET	0.128949085	0.323606390	-0.119696310	0.043736610	-0.307138265	-0.013521319	0.162749136	0.125639770	0.918241060	-0.209114370	-0.170699890	0.188426460	-0.279905450	-0.086944505	-0.100291220	0.088805000	0.296326250	-0.331192580	-0.295551556	-0.358021310	-0.053600453
PHE	-0.378146457	0.036024300	0.452671600	0.702721850	-0.407195830	0.251573860	0.048318382	0.070568520	-0.191261680	-0.313158200	-0.184404708	-0.278683680	-0.086944510	-0.161549044	-0.018125470	0.162075270	0.411099560	0.103038652	-0.040149707	-0.263552240	0.004449858
PRO	0.127558610	0.243380620	-0.049914540	0.264161730	0.777323072	-0.496154232	0.130325555	-0.132841210	-0.241858560	-0.035314740	-0.047092596	0.049364820	-0.100291220	-0.018125473	0.132186070	-0.086552940	-0.151315490	-0.180624118	0.040729911	-0.111145550	-0.037024598
SER	0.187006817	0.121184630	-0.357676550	-0.339387950	-0.187776060	-0.174573901	-0.249244935	-0.075619030	-0.364750600	0.410978510	0.308010487	-0.098982540	0.088805000	0.162075271	-0.086552940	0.021441570	0.033306780	-0.067376416	0.381428620	0.185632910	0.069495715
THR	-0.196605612	-0.187421670	-0.121097340	-0.124055580	0.206009958	-0.093146607	0.094439900	-0.305905360	0.011323700	0.016681270	0.204888186	-0.189530480	0.296326250	0.411099559	-0.151315490	0.033306780	-0.358560670	0.382624781	0.187127432	0.038547180	-0.050200855
TRP	-0.047998175	-0.050027510	0.424088420	0.385534700	-0.761392181	0.712237853	-0.020285952	-0.137713590	-0.396953470	-0.210198820	-0.007962559	0.460828500	-0.331192580	0.103038652	-0.180624120	-0.067376420	0.382624780	-0.206059938	0.036154232	-0.223894570	-0.029528625
TYR	-0.034971381	0.030198430	-0.022874710	0.379921560	-0.240170083	-0.091847128	0.682656256	-0.482105570	-0.106503750	0.033882250	-0.225637833	-0.535780840	-0.295551560	-0.040149707	0.040729910	0.381428620	0.187127430	0.036154232	0.121487210	0.122355530	-0.004012883
VAL	0.069308699	0.458359860	0.311415850	0.378421290	-0.325252046	0.147666585	0.159262590	0.122069590	0.499383770	-0.632833360	-0.592411579	0.427330970	-0.358021310	-0.263552238	-0.111145550	0.185632910	0.038547180	-0.223894571	0.122355529	-0.405152190	-0.070954369
PEP	-0.188818427	-0.013547310	0.012250090	-0.031074570	-0.194497590	0.005494857	0.128051168	0.051956040	0.064726530	0.119348740	0.213077063	-0.061696940	-0.053600450	0.004449858	-0.037024600	0.069495720	-0.050200860	-0.029528625	-0.004012883	-0.070954370	0.000000000
																					
6-7		ALA		ARG		ASN		ASP		CYS		GLN		GLU		GLY		HIS		ILE		LEU		LYS		MET		PHE		PRO		SER		THR		TRP		TYR		VAL		PEP
ALA	0.223328929	0.101393095	0.042161940	0.177929460	-0.036942750	0.059268000	0.155230770	-0.098661530	0.222824290	0.107909731	-0.163156920	-0.044446060	0.032994750	-0.243941340	0.079638649	-0.116125185	-0.002685813	-0.213129970	-0.101852917	-0.067063080	-0.123833738
ARG	0.101393095	0.215375514	0.218749630	-0.609329610	0.241855990	-0.083512280	-0.601770090	-0.089268360	0.254670920	0.037406167	0.113090470	0.592310240	-0.528325150	-0.157042210	-0.199717002	0.125806482	-0.039947112	0.241562820	-0.186069383	0.382837750	-0.001150178
ASN	0.042161941	0.218749635	0.221254820	-0.402862390	0.509662100	-0.295606310	-0.292703180	-0.178313810	-0.325207400	0.570089070	0.490302470	-0.051655970	-0.144305420	0.361643380	-0.104710438	-0.585301196	-0.181700281	-0.119560910	-0.181472009	0.385181920	0.089207462
ASP	0.177929456	-0.609329611	-0.402862390	-0.006231040	0.508830050	-0.241094400	-0.123490430	-0.166484870	-0.188817510	0.274963765	0.500739260	-0.615379640	0.525154850	0.237030200	0.064683605	-0.198725995	-0.034185566	-0.125514620	-0.089485268	0.356048000	0.237626893
CYS	-0.036942751	0.241855991	0.509662100	0.508830050	1.421970100	-0.490542540	0.105748070	0.027586210	-0.084628750	-0.262469937	-0.258848360	0.088985110	-0.176917840	-0.439377170	-0.099723554	-0.198723131	-0.010085397	-0.649746440	0.301648521	-0.163380680	-0.218495770
GLN	0.059268003	-0.083512279	-0.295606310	-0.241094400	-0.490542540	0.316341120	0.087144790	-0.176548760	-0.310699630	0.058980910	0.061069530	0.221963950	0.542614980	0.272788620	0.044356228	-0.126318127	-0.040706247	0.204443410	-0.211290729	0.130274090	-0.029509955
GLU	0.155230774	-0.601770093	-0.292703180	-0.123490430	0.105748070	0.087144790	-0.428663720	0.164108250	-0.616299230	0.463507738	0.308065910	-0.735517470	0.187265170	0.401829580	-0.345727449	0.076676430	0.060801063	0.152627680	0.186953956	0.596865820	0.188517094
GLY	-0.098661532	-0.089268358	-0.178313810	-0.166484870	0.027586210	-0.176548760	0.164108250	-0.209887250	0.025824930	0.268447014	0.311281140	-0.324573010	0.275827000	0.356731720	-0.293050915	-0.255158096	-0.043615832	0.147169060	0.047422503	0.097993380	0.160148703
HIS	0.222824288	0.254670915	-0.325207400	-0.188817510	-0.084628750	-0.310699630	-0.616299230	0.025824930	0.817964050	0.437472230	0.017658160	0.369341790	0.451527820	0.080654960	-0.057123487	-0.335582737	-0.264283607	-0.700405620	0.112998327	0.107438100	0.066749366
ILE	0.107909731	0.037406167	0.570089070	0.274963770	-0.262469940	0.058980910	0.463507740	0.268447010	0.437472230	-0.698291608	-0.702182250	0.085592460	-0.220861250	-0.325633550	-0.088152412	0.476468707	-0.073305456	0.233322290	0.000747443	-0.452743740	-0.198052851
LEU	-0.163156919	0.113090473	0.490302470	0.500739260	-0.258848360	0.061069530	0.308065910	0.311281140	0.017658160	-0.702182248	-0.594126910	0.278305440	-0.231283590	-0.332816570	0.396220672	0.451417954	0.020235684	-0.283145780	0.085285318	-0.589210820	0.031745127
LYS	-0.044446057	0.592310236	-0.051655970	-0.615379640	0.088985110	0.221963950	-0.735517470	-0.324573010	0.369341790	0.085592463	0.278305440	0.339836520	-0.088886680	0.019785050	-0.278905509	0.106874700	0.158833173	-0.036023150	0.011454439	0.035110240	-0.083068323
MET	0.032994750	-0.528325150	-0.144305420	0.525154850	-0.176917840	0.542614980	0.187265170	0.275827000	0.451527820	-0.220861246	-0.231283590	-0.088886680	-0.453853550	-0.438326090	0.095918182	0.061942310	0.482674143	-0.035971700	-0.118901461	-0.364258030	0.097807978
PHE	-0.243941338	-0.157042214	0.361643380	0.237030200	-0.439377170	0.272788620	0.401829580	0.356731720	0.080654960	-0.325633550	-0.332816570	0.019785050	-0.438326090	-0.197761950	0.457802755	0.029735258	0.250248725	-0.240158590	-0.087970679	-0.215440260	0.063247085
PRO	0.079638649	-0.199717002	-0.104710440	0.064683600	-0.099723550	0.044356230	-0.345727450	-0.293050920	-0.057123490	-0.088152412	0.396220670	-0.278905510	0.095918180	0.457802750	0.133737240	-0.021607965	-0.038176256	-0.016522560	0.119392728	0.135569300	0.001201561
SER	-0.116125185	0.125806482	-0.585301200	-0.198726000	-0.198723130	-0.126318130	0.076676430	-0.255158100	-0.335582740	0.476468707	0.451417950	0.106874700	0.061942310	0.029735260	-0.021607965	-0.254914238	-0.168721219	0.396108390	0.134926159	0.403345200	0.005797159
THR	-0.002685813	-0.039947112	-0.181700280	-0.034185570	-0.010085400	-0.040706250	0.060801060	-0.043615830	-0.264283610	-0.073305456	0.020235680	0.158833170	0.482674140	0.250248720	-0.038176256	-0.168721219	-0.288981925	0.516421470	-0.067751605	-0.023801730	-0.126395618
TRP	-0.213129974	0.241562817	-0.119560910	-0.125514620	-0.649746440	0.204443410	0.152627680	0.147169060	-0.700405620	0.233322293	-0.283145780	-0.036023150	-0.035971700	-0.240158590	-0.016522556	0.396108390	0.516421465	0.743165200	-0.151640731	-0.148169760	0.048699532
TYR	-0.101852917	-0.186069383	-0.181472010	-0.089485270	0.301648520	-0.211290730	0.186953960	0.047422500	0.112998330	0.000747443	0.085285320	0.011454440	-0.118901460	-0.087970680	0.119392728	0.134926159	-0.067751605	-0.151640730	0.268887119	-0.068066710	0.026965135
VAL	-0.067063079	0.382837746	0.385181920	0.356048000	-0.163380680	0.130274090	0.596865820	0.097993380	0.107438100	-0.452743742	-0.589210820	0.035110240	-0.364258030	-0.215440260	0.135569305	0.403345201	-0.023801731	-0.148169760	-0.068066707	-0.356667810	-0.251636361
PEP	-0.123833738	-0.001150178	0.089207460	0.237626890	-0.218495770	-0.029509960	0.188517090	0.160148700	0.066749370	-0.198052851	0.031745130	-0.083068320	0.097807980	0.063247080	0.001201561	0.005797159	-0.126395618	0.048699530	0.026965135	-0.251636360	0.000000000
																					
7-8		ALA		ARG		ASN		ASP		CYS		GLN		GLU		GLY		HIS		ILE		LEU		LYS		MET		PHE		PRO		SER		THR		TRP		TYR		VAL		PEP
ALA	0.283868063	0.266214266	0.009749524	-0.025918410	-0.109857677	-0.030161121	-0.031369030	0.059418878	-0.045891100	-0.041121340	0.046989996	-0.016453070	-0.262122048	-0.002243116	-0.089955690	0.055873090	0.004687499	-0.181285390	0.075109360	-0.037194277	0.009818671
ARG	0.266214266	0.249240945	-0.330985867	-0.242891400	0.000506590	-0.021637461	-0.111629650	-0.102082643	-0.257303210	-0.040136210	0.288251804	0.019512460	0.261637573	0.013632995	0.093050070	-0.115408340	0.136600551	-0.288406050	0.091390560	-0.006343121	0.089696868
ASN	0.009749524	-0.330985867	-0.359882482	-0.144118790	-0.101058885	-0.201316800	-0.137733060	-0.077730925	-0.196159200	0.198683340	0.359846532	-0.043744060	0.151686176	0.328243391	-0.062387900	0.064814050	-0.003047391	0.062257020	0.125951370	0.178931446	0.163601758
ASP	-0.025918405	-0.242891402	-0.144118786	0.035660640	0.456155854	-0.142643081	-0.173103050	-0.167067739	-0.266439010	0.447425650	0.321987456	-0.368958670	0.121341435	0.270278942	-0.073256810	-0.036294510	-0.178534777	0.262960100	-0.256997910	0.122244782	0.114483839
CYS	-0.109857677	0.000506590	-0.101058885	0.456155850	0.458753631	0.057906440	-0.117347610	-0.082000196	0.321629760	-0.298072540	-0.317320484	0.020642440	0.162592739	-0.030993703	0.222303010	-0.220289080	-0.074234362	-0.441604900	0.252676000	0.050726628	-0.153643539
GLN	-0.030161121	-0.021637461	-0.201316800	-0.142643080	0.057906440	0.038959710	-0.199779760	-0.125032234	0.055719620	0.238694630	0.266261151	-0.224619980	0.005194855	0.099092478	0.228369970	0.117491920	0.007770453	-0.243684650	-0.058761270	0.026005038	0.094030928
GLU	-0.031369028	-0.111629650	-0.137733056	-0.173103050	-0.117347613	-0.199779760	0.501174890	0.140764357	-0.428548160	0.157853680	0.179282529	-0.381997100	0.610693218	0.069174388	-0.315922990	-0.043717010	0.088911507	-0.221567340	0.100292800	0.104947297	0.200512170
GLY	0.059418878	-0.102082643	-0.077730925	-0.167067740	-0.082000196	-0.125032234	0.140764360	-0.297621422	0.247245260	0.113658720	0.114634499	-0.198562910	0.062412070	0.377667606	0.059075370	-0.166276080	-0.252333230	0.276989100	0.018035450	0.029628517	0.008549323
HIS	-0.045891101	-0.257303214	-0.196159202	-0.266439010	0.321629763	0.055719622	-0.428548160	0.247245261	0.528236750	0.250192000	0.206900134	0.320246410	-0.137178437	-0.333683248	-0.264535310	-0.215113310	-0.052939720	0.244012620	0.024023280	0.187932444	-0.068825275
ILE	-0.041121340	-0.040136205	0.198683340	0.447425650	-0.298072542	0.238694625	0.157853680	0.113658723	0.250192000	-0.237648570	-0.347312868	0.321406170	-0.313939417	-0.304275706	0.132753060	0.132600010	0.097388392	-0.105472180	-0.063111310	-0.234080263	-0.175717827
LEU	0.046989996	0.288251804	0.359846532	0.321987460	-0.317320484	0.266261151	0.179282530	0.114634499	0.206900130	-0.347312870	-0.542490178	0.341535850	-0.178126627	-0.233030981	-0.053864080	0.150889990	0.003197743	-0.115519810	-0.086623450	-0.226572624	-0.237276908
LYS	-0.016453073	0.019512462	-0.043744064	-0.368958670	0.020642439	-0.224619980	-0.381997100	-0.198562914	0.320246410	0.321406170	0.341535853	-0.137623300	0.138161106	0.157119874	-0.054940640	-0.292319320	-0.059373581	0.217639600	0.197052170	0.026853474	0.090114039
MET	-0.262122048	0.261637573	0.151686176	0.121341430	0.162592739	0.005194855	0.610693220	0.062412070	-0.137178440	-0.313939420	-0.178126627	0.138161110	0.473097914	-0.288026804	-0.252164140	-0.011381150	0.088762011	-0.293305090	-0.225924050	-0.067620482	-0.027094928
PHE	-0.002243116	0.013632995	0.328243391	0.270278940	-0.030993703	0.099092478	0.069174390	0.377667606	-0.333683250	-0.304275710	-0.233030981	0.157119870	-0.288026804	-0.224121657	0.142975200	0.028625150	-0.060614281	-0.242594200	0.185105250	-0.115526509	0.073193788
PRO	-0.089955690	0.093050075	-0.062387902	-0.073256810	0.222303011	0.228369973	-0.315922990	0.059075372	-0.264535310	0.132753060	-0.053864077	-0.054940640	-0.252164138	0.142975199	0.087505320	-0.116508240	0.017828888	0.186450900	0.032464760	0.163749691	-0.070021617
SER	0.055873087	-0.115408337	0.064814045	-0.036294510	-0.220289077	0.117491917	-0.043717010	-0.166276079	-0.215113310	0.132600010	0.150889990	-0.292319320	-0.011381148	0.028625154	-0.116508240	-0.049939030	-0.056052591	0.230597350	0.110891950	0.280025514	0.125776580
THR	0.004687499	0.136600551	-0.003047391	-0.178534780	-0.074234362	0.007770453	0.088911510	-0.252333230	-0.052939720	0.097388390	0.003197743	-0.059373580	0.088762011	-0.060614281	0.017828890	-0.056052590	0.124998522	0.187662790	-0.127530750	0.055593537	0.067401015
TRP	-0.181285385	-0.288406047	0.062257018	0.262960100	-0.441604895	-0.243684652	-0.221567340	0.276989101	0.244012620	-0.105472180	-0.115519812	0.217639600	-0.293305092	-0.242594197	0.186450900	0.230597350	0.187662791	0.714982320	-0.068958850	-0.081409490	-0.089413901
TYR	0.075109361	0.091390556	0.125951369	-0.256997910	0.252676000	-0.058761271	0.100292800	0.018035446	0.024023280	-0.063111310	-0.086623455	0.197052170	-0.225924049	0.185105249	0.032464760	0.110891950	-0.127530746	-0.068958850	-0.250625460	-0.059202646	-0.011303290
VAL	-0.037194277	-0.006343121	0.178931446	0.122244780	0.050726628	0.026005038	0.104947300	0.029628517	0.187932440	-0.234080260	-0.226572624	0.026853470	-0.067620482	-0.115526509	0.163749690	0.280025510	0.055593537	-0.081409490	-0.059202650	-0.161586472	-0.234847395
PEP	0.009818671	0.089696868	0.163601758	0.114483840	-0.153643539	0.094030928	0.200512170	0.008549323	-0.068825280	-0.175717830	-0.237276908	0.090114040	-0.027094928	0.073193788	-0.070021620	0.125776580	0.067401015	-0.089413900	-0.011303290	-0.234847395	0.000000000
																					
8-9		ALA		ARG		ASN		ASP		CYS		GLN		GLU		GLY		HIS		ILE		LEU		LYS		MET		PHE		PRO		SER		THR		TRP		TYR		VAL		PEP
ALA	0.020423943	0.068384220	-0.071152676	0.058199480	0.094159398	0.190367180	0.092343571	-0.060567266	0.132221150	-0.094101179	0.047126080	-0.017550240	-0.171913763	-0.004517441	-0.064681892	-0.068524387	-0.022575450	-0.083455895	-0.030374397	-0.028271764	0.008719303
ARG	0.068384219	0.195328870	0.114807483	-0.266014660	-0.172114071	-0.272551730	-0.083269048	-0.086784199	-0.237777660	0.181227565	0.050118410	0.117618141	0.057823464	0.193996393	-0.588527183	0.011019775	0.084875040	0.050731828	0.157531390	0.301393505	0.099907188
ASN	-0.071152676	0.114807480	0.015422567	-0.320752290	0.032931358	0.079810400	-0.234790674	-0.169952225	-0.038603030	0.081072949	0.113774737	-0.002343835	0.006227126	0.129539869	-0.046757327	-0.132684958	-0.068376700	0.141243901	0.085208311	0.233835657	0.075441645
ASP	0.058199475	-0.266014660	-0.320752290	0.020772390	0.129709430	-0.043057730	0.247677181	-0.106145047	-0.123117680	0.293023819	0.237281850	-0.263449849	0.494757074	0.238957489	-0.336988239	-0.043047380	-0.061143180	-0.148060674	-0.188371616	0.104554153	0.108383289
CYS	0.094159398	-0.172114070	0.032931358	0.129709430	0.506559414	0.016997090	0.421963841	0.104590892	-0.399639630	-0.090958471	0.031227865	0.000807120	-0.224418497	-0.054685835	0.179703400	-0.015495017	-0.243906160	-0.203190396	-0.214706393	0.019286038	0.077977153
GLN	0.190367183	-0.272551730	0.079810402	-0.043057730	0.016997090	-0.199955340	-0.116091587	-0.061592167	-0.033821940	0.026706540	-0.014754976	0.050749348	0.310711960	0.188271963	-0.075691342	-0.104196937	-0.012011240	0.112273651	0.041715043	-0.025764934	-0.025943389
GLU	0.092343571	-0.083269050	-0.234790674	0.247677180	0.421963841	-0.116091590	-0.085679782	-0.051657344	-0.180345560	-0.018926213	0.083728953	-0.492648228	0.154693974	0.205451401	-0.225233555	0.003416976	0.059529390	-0.014201024	0.146106487	0.036174198	0.109381742
GLY	-0.060567266	-0.086784200	-0.169952225	-0.106145050	0.104590892	-0.061592170	-0.051657344	-0.121592573	-0.143567930	0.080677670	0.174371755	0.076698815	0.025951990	-0.065465800	-0.053259924	0.005772059	-0.117126290	0.143775268	0.184055304	0.165209763	0.104504482
HIS	0.132221152	-0.237777660	-0.038603029	-0.123117680	-0.399639631	-0.033821940	-0.180345561	-0.143567928	0.104163620	0.232563949	0.135622223	0.188117718	-0.015796276	-0.198160943	0.465597424	-0.070573559	-0.073715490	0.015726720	0.037328939	0.185128476	-0.012416989
ILE	-0.094101179	0.181227560	0.081072949	0.293023820	-0.090958472	0.026706540	-0.018926213	0.080677670	0.232563950	0.224734707	-0.071013063	-0.001227936	-0.317345413	-0.269055512	0.145466899	0.010976573	-0.052558120	-0.037274884	-0.056939181	-0.103222578	-0.196527285
LEU	0.047126080	0.050118410	0.113774737	0.237281850	0.031227865	-0.014754980	0.083728953	0.174371755	0.135622220	-0.071013063	-0.124267306	0.072088113	-0.059138112	-0.197662148	-0.057806226	0.003220885	0.045290740	-0.128155582	-0.133854935	-0.043452477	-0.174058319
LYS	-0.017550240	0.117618140	-0.002343835	-0.263449850	0.000807120	0.050749350	-0.492648228	0.076698815	0.188117720	-0.001227936	0.072088113	-0.071904258	0.122819431	0.254960544	0.043546775	0.049479968	-0.023731060	0.009203921	0.039302363	-0.141682276	0.021001757
MET	-0.171913763	0.057823460	0.006227126	0.494757070	-0.224418497	0.310711960	0.154693974	0.025951990	-0.015796280	-0.317345413	-0.059138112	0.122819431	0.332352165	-0.225149153	-0.166701825	-0.056111409	0.172495680	-0.338336421	-0.068621800	-0.008922812	-0.071510053
PHE	-0.004517441	0.193996390	0.129539869	0.238957490	-0.054685835	0.188271960	0.205451401	-0.065465800	-0.198160940	-0.269055512	-0.197662148	0.254960544	-0.225149153	-0.040333461	-0.093440362	0.341332003	-0.051160990	-0.052884622	-0.067654807	-0.167622277	-0.114372122
PRO	-0.064681892	-0.588527180	-0.046757327	-0.336988240	0.179703400	-0.075691340	-0.225233555	-0.053259924	0.465597420	0.145466899	-0.057806226	0.043546775	-0.166701825	-0.093440362	0.281000525	0.131528157	0.078824520	0.193817698	0.002405329	0.224466962	0.020157032
SER	-0.068524387	0.011019770	-0.132684958	-0.043047380	-0.015495017	-0.104196940	0.003416976	0.005772059	-0.070573560	0.010976573	0.003220885	0.049479968	-0.056111409	0.341332003	0.131528157	-0.027132213	-0.020134550	0.025001785	-0.042418295	-0.077434112	0.063981671
THR	-0.022575446	0.084875040	-0.068376703	-0.061143180	-0.243906162	-0.012011240	0.059529387	-0.117126287	-0.073715490	-0.052558123	0.045290741	-0.023731055	0.172495680	-0.051160991	0.078824515	-0.020134551	0.208724980	-0.032258680	0.143573268	-0.122101899	0.087665440
TRP	-0.083455895	0.050731830	0.141243901	-0.148060670	-0.203190396	0.112273650	-0.014201024	0.143775268	0.015726720	-0.037274884	-0.128155582	0.009203921	-0.338336421	-0.052884622	0.193817698	0.025001785	-0.032258680	0.301751758	0.081279472	0.012075712	-0.072515259
TYR	-0.030374397	0.157531390	0.085208311	-0.188371620	-0.214706393	0.041715040	0.146106487	0.184055304	0.037328940	-0.056939181	-0.133854935	0.039302363	-0.068621800	-0.067654807	0.002405329	-0.042418295	0.143573270	0.081279472	0.031563956	-0.137164700	-0.032761593
VAL	-0.028271764	0.301393510	0.233835657	0.104554150	0.019286038	-0.025764930	0.036174198	0.165209763	0.185128480	-0.103222578	-0.043452477	-0.141682276	-0.008922812	-0.167622277	0.224466962	-0.077434112	-0.122101900	0.012075712	-0.137164700	-0.341353417	-0.070045540
PEP	0.008719303	0.099907190	0.075441645	0.108383290	0.077977153	-0.025943390	0.109381742	0.104504482	-0.012416990	-0.196527285	-0.174058319	0.021001757	-0.071510053	-0.114372122	0.020157032	0.063981671	0.087665440	-0.072515259	-0.032761593	-0.070045540	0.000000000
																					
9-10		ALA		ARG		ASN		ASP		CYS		GLN		GLU		GLY		HIS		ILE		LEU		LYS		MET		PHE		PRO		SER		THR		TRP		TYR		VAL		PEP
ALA	0.017378050	0.050279730	-0.149555370	-0.121152732	0.088501591	-0.065935141	0.117120323	-0.016937540	0.182562517	0.031902600	-0.034337732	0.028700350	-0.086691010	0.007137334	-0.000045554	-0.051343437	0.084362880	0.055657699	-0.082240131	-0.061473451	0.028419261
ARG	0.050279730	-0.035326617	-0.086385650	0.129795455	-0.080773689	-0.222325393	-0.411624393	0.016862820	0.148845285	0.116305740	0.051932596	0.211397010	0.084992160	-0.042833228	0.052012210	0.105037741	-0.002643641	-0.221321464	0.072451098	0.047293382	0.004500542
ASN	-0.149555400	-0.086385654	-0.194086010	-0.074690438	-0.044349399	-0.125249239	-0.122591981	0.073571660	0.084308010	0.078766500	0.077229237	-0.115064980	0.138803630	0.031022446	-0.211115600	0.020959145	0.126009322	0.265176889	0.105821558	0.100192385	0.062359263
ASP	-0.121152700	0.129795455	-0.074690440	0.032903891	-0.023911217	0.000746290	-0.157222878	-0.067417940	-0.066718287	0.145951270	0.124146944	0.043976200	0.035125900	-0.021769671	-0.026574120	-0.029846301	0.036163345	0.108370579	-0.197346723	0.111969551	0.024430248
CYS	0.088501590	-0.080773689	-0.044349400	-0.023911217	1.329083638	0.327208130	0.051715255	-0.123889100	-0.377821751	-0.282855510	-0.093372570	-0.014490540	0.094511140	-0.174921306	-0.043410340	-0.353443664	0.000337396	0.113168319	-0.134669244	-0.113603205	0.021349332
GLN	-0.065935140	-0.222325393	-0.125249240	0.000746290	0.327208130	0.183500048	-0.051590468	-0.065360620	0.066508752	0.077665010	-0.053872652	-0.058921350	0.283554640	0.011090624	-0.118092300	0.082547013	-0.054340873	-0.296743769	0.132233185	-0.005073214	0.004927777
GLU	0.117120300	-0.411624393	-0.122591980	-0.157222878	0.051715255	-0.051590468	0.062491210	-0.089272770	-0.002771639	0.122281630	0.073317361	-0.118282950	0.229612710	0.186024633	0.007880021	-0.066134966	-0.055837483	0.170382435	-0.071701104	0.120856945	0.044849941
GLY	-0.016937540	0.016862816	0.073571660	-0.067417940	-0.123889099	-0.065360622	-0.089272774	-0.113137130	0.072142712	0.180734370	0.066484836	0.017169130	-0.034242220	0.035833897	0.033065940	0.011942042	-0.165363145	0.045892510	-0.014738775	0.025423142	0.102001704
HIS	0.182562500	0.148845285	0.084308010	-0.066718287	-0.377821751	0.066508752	-0.002771639	0.072142710	-0.067225003	-0.276054040	0.251575559	-0.038575320	-0.330278740	0.237263898	-0.167195800	-0.006038939	0.093882637	0.061011366	0.093487458	-0.053965060	0.011958209
ILE	0.031902600	0.116305736	0.078766500	0.145951273	-0.282855514	0.077665010	0.122281631	0.180734370	-0.276054043	0.092421820	-0.029800685	0.086039010	-0.247221390	-0.061391994	0.195573900	-0.012011977	0.025546314	-0.236870672	0.039159630	-0.067952416	-0.088055654
LEU	-0.034337730	0.051932596	0.077229240	0.124146944	-0.093372570	-0.053872652	0.073317361	0.066484840	0.251575559	-0.029800680	0.003042236	-0.016512560	-0.118208670	-0.201118099	0.034313480	0.029774144	0.006766878	-0.009161541	-0.002951402	-0.025627009	-0.142081095
LYS	0.028700350	0.211397013	-0.115064980	0.043976205	-0.014490537	-0.058921353	-0.118282951	0.017169130	-0.038575325	0.086039010	-0.016512563	-0.262092170	0.105442280	0.118766779	-0.050011990	0.057028591	0.085618300	-0.179287808	0.055876072	0.014861600	0.017838488
MET	-0.086691010	0.084992156	0.138803630	0.035125898	0.094511137	0.283554642	0.229612712	-0.034242220	-0.330278736	-0.247221390	-0.118208669	0.105442280	0.282686650	-0.153083416	0.022816790	0.080823174	-0.209186853	0.093135708	-0.171694299	0.036018145	-0.115383983
PHE	0.007137334	-0.042833228	0.031022450	-0.021769671	-0.174921307	0.011090624	0.186024633	0.035833900	0.237263898	-0.061391990	-0.201118099	0.118766780	-0.153083420	-0.127382211	0.203164900	0.117925494	0.037915756	-0.041346037	-0.010249539	-0.077787174	-0.105012022
PRO	-0.000045554	0.052012212	-0.211115620	-0.026574121	-0.043410337	-0.118092328	0.007880021	0.033065940	-0.167195775	0.195573950	0.034313484	-0.050011990	0.022816790	0.203164911	-0.124266200	0.009698423	0.069022311	0.019989649	-0.076034776	0.081588550	0.071270679
SER	-0.051343440	0.105037741	0.020959140	-0.029846301	-0.353443664	0.082547013	-0.066134966	0.011942040	-0.006038939	-0.012011980	0.029774144	0.057028590	0.080823170	0.117925494	0.009698423	-0.002093742	-0.050282312	-0.107759085	-0.013381561	0.004670306	0.121009176
THR	0.084362880	-0.002643641	0.126009320	0.036163345	0.000337396	-0.054340873	-0.055837483	-0.165363150	0.093882637	0.025546310	0.006766878	0.085618300	-0.209186850	0.037915756	0.069022310	-0.050282312	-0.084614898	-0.107032960	0.101506329	-0.015229931	0.053015736
TRP	0.055657700	-0.221321464	0.265176890	0.108370579	0.113168319	-0.296743769	0.170382435	0.045892510	0.061011366	-0.236870670	-0.009161541	-0.179287810	0.093135710	-0.041346037	0.019989650	-0.107759085	-0.107032960	0.472966266	0.028268682	-0.092886001	-0.069222902
TYR	-0.082240130	0.072451098	0.105821560	-0.197346723	-0.134669244	0.132233186	-0.071701104	-0.014738780	0.093487458	0.039159630	-0.002951402	0.055876070	-0.171694300	-0.010249539	-0.076034780	-0.013381561	0.101506329	0.028268682	0.229398536	-0.073729670	-0.025460847
VAL	-0.061473450	0.047293382	0.100192390	0.111969551	-0.113603205	-0.005073214	0.120856945	0.025423140	-0.053965060	-0.067952420	-0.025627009	0.014861600	0.036018140	-0.077787174	0.081588550	0.004670306	-0.015229931	-0.092886001	-0.073729670	0.050713106	-0.034198035
PEP	0.028419260	0.004500542	0.062359260	0.024430248	0.021349332	0.004927777	0.044849941	0.102001700	0.011958209	-0.088055650	-0.142081095	0.017838490	-0.115383980	-0.105012022	0.071270680	0.121009176	0.053015736	-0.069222902	-0.025460847	-0.034198035	0.000000000

	 0-5		 5-6		 6-7		 7-8		 8-9		 9-10
ALA	-0.241		 0.079		-0.017		-0.067		-0.074		-0.072
ARG	 0.370		 0.201		 0.137		 0.111		 0.062		 0.095
ASN	 0.325		 0.222		 0.260		 0.182		 0.238		 0.172
ASP	 0.378		 0.444		 0.275		 0.223		 0.193		 0.215
CYS	-0.327		-0.380		-0.271		-0.264		-0.427		-0.279
GLN	 0.291		 0.211		 0.240		 0.178		 0.192		 0.123
GLU	 0.465		 0.393		 0.348		 0.290		 0.238		 0.219
GLY	-0.008		 0.184		 0.044		 0.075		 0.082		 0.108
HIS	-0.045		 0.031		-0.044		-0.084		-0.049		-0.067
ILE	-0.290		-0.444		-0.252		-0.257		-0.233		-0.266
LEU	-0.133		-0.352		-0.277		-0.143		-0.196		-0.187
LYS	 0.498		 0.480		 0.439		 0.321		 0.283		 0.253
MET	-0.197		-0.136		-0.335		-0.243		-0.223		-0.168
PHE	-0.257		-0.230		-0.315		-0.382		-0.213		-0.212
PRO	-0.017		 0.218		 0.062		 0.122		 0.143		 0.119
SER	 0.101		 0.147		 0.183		 0.101		 0.117		 0.078
THR	 0.060		 0.084		 0.114		 0.073		 0.034		 0.031
TRP	-0.180		-0.159		-0.247		-0.216		-0.239		-0.153
TYR	-0.224		-0.228		-0.236		-0.248		-0.178		-0.180
VAL	-0.286		-0.275		-0.175		-0.129		-0.217		-0.207
PEP	 0.024		-0.052		-0.008		-0.006		 0.000		-0.015

